kf                 =    -0.001979818968 ;
kd                 =    0.0007989322326 ;
