kf                 =    -0.002346487992 ;
kd                 =     0.002311566521 ;
