mpk3_f             =       -0.303337826 ;
mpk3_d             =       0.3426410877 ;
