k2_f               =      0.02007596962 ;
k2_d               =     -0.02601374985 ;
