k1_f               =      0.05709178661 ;
k1_d               =     -0.05724521423 ;
