k2_f               =      0.01600229475 ;
k2_d               =     -0.01800302349 ;
