k1_f               =      0.05701797199 ;
k1_d               =     -0.05720665382 ;
