mpk3_f             =       0.1021894047 ;
mpk3_d             =      -0.1012728309 ;
