kf                 =    -0.001921765195 ;
kd                 =     0.003386137627 ;
