k2_f               =      0.02528265739 ;
k2_d               =     -0.03009609803 ;
k2_f               =      0.02803449534 ;
k2_d               =     -0.03354591134 ;
