k1_f               =      0.05711598448 ;
k1_d               =     -0.05720017661 ;
