mpk3_f             =     -0.09449009133 ;
mpk3_d             =      -0.1611396587 ;
mpk3_f             =      -0.1108689667 ;
mpk3_d             =      -0.2018337555 ;
