k2_f               =    -0.002222535349 ;
k2_d               =    -0.003986978418 ;
