mpk3_f             =      -0.2848766103 ;
mpk3_d             =       0.2013464446 ;
