k1_f               =      0.05695177093 ;
k1_d               =     -0.05705676276 ;
