k1_f               =      0.05689157991 ;
k1_d               =     -0.05699660825 ;
