k2_f               =      0.03848436448 ;
k2_d               =    -0.007775351262 ;
