mpk3_f             =      -0.2741959901 ;
mpk3_d             =        0.685846337 ;
