kf                 =    0.0001064712423 ;
kd                 =   -5.904630092e-05 ;
