k2_f               =      0.03642111353 ;
k2_d               =    -0.005540725526 ;
