k1_f               =      0.05697956296 ;
k1_d               =     -0.05703947106 ;
