mpk3_f             =      -0.6194387414 ;
mpk3_d             =       0.7167543194 ;
