mpk2               =     -0.01939553022 ;
mpk2_j             =      0.04111867145 ;
