mpk3_f             =     -0.03795098301 ;
mpk3_d             =      -0.2174567821 ;
