k1_f               =      0.05704335552 ;
k1_d               =     -0.05709660013 ;
